% -------------------------------------------------------------------
%  Generated by MATLAB on 7-Apr-2025 17:18:59
%  MATLAB version: 24.2.0.2863752 (R2024b) Update 5
% -------------------------------------------------------------------
                                 

ixk = complex([1.0000000000000009 2 2.9999999999999996 4 5],[-7.1054273576010023E-16 -2.6645352591003756E-16 0 1.3322676295501878E-16 ...
               8.8817841970012528E-17]);

k = 5;

ln = 5;

magnitude = [15 4.2532540417602 2.6286555605956679 2.6286555605956679 4.2532540417601989 ...
             ];

n = 5;

phase = [0 2.1991148575128552 2.8274333882308142 -2.8274333882308134 -2.1991148575128543 ...
         ];

t = [0 1 2 3 4];

xk = complex([15 -2.5 -2.5 -2.4999999999999991 -2.4999999999999964],[0 3.4409548011779338 0.81229924058226466 -0.81229924058226732 -3.4409548011779352 ...
              ]);

xn = [1 2 3 4 5];

